485 449 655
614 216 366
267 554 199
518 232 29
760 784 540
245 139 722
615 122 905
475 483 554
406 21 897
249 577 982
546 656 723
44 568 1
141 286 397
428 677 568
389 193 555
526 72 591
176 602 190
392 398 549
128 512 630
773 731 612
10 45 507
311 466 814
303 316 371
23 435 319
264 246 282
447 44 465
545 58 620
715 736 248
709 702 725
506 192 40
697 568 451
474 51 150
245 18 343
185 112 790
219 567 282
265 63 748
355 361 33
459 530 829
27 586 621
133 441 499
711 247 751
340 377 889
162 503 935
463 389 13
354 25 643
174 457 523
519 543 536
524 548 633
28 89 570
615 581 321
41 604 511
125 713 836
399 436 64
360 103 374
149 204 458
540 666 651
188 45 170
94 121 979
55 252 784
410 715 480
217 576 630
373 530 531
373 326 881
478 784 625
208 717 877
762 304 66
591 682 178
114 622 544
356 686 705
156 732 562
575 385 728
482 728 236
179 469 757
633 115 412
579 25 494
521 597 466
115 193 539
688 301 305
242 414 476
260 336 376
481 182 238
226 579 543
248 200 547
784 643 118
593 407 693
126 687 288
447 468 701
744 4 337
386 666 105
223 640 147
38 543 918
386 7 554
92 220 875
91 506 447
551 114 508
551 425 769
280 31 168
244 254 891
368 167 131
153 19 197
174 89 966
48 42 995
770 396 983
577 348 866
553 475 498
347 746 387
277 370 404
758 535 679
608 668 921
406 583 511
469 695 460
52 446 744
615 12 445
145 381 199
701 285 708
356 196 172
724 242 45
630 565 746
479 133 690
564 517 564
226 79 83
613 373 411
720 215 315
142 682 432
249 103 193
538 778 3
651 369 32
180 599 944
596 535 101
737 557 742
583 500 422
737 416 967
129 393 64
412 16 20
632 238 351
644 285 810
393 375 750
87 262 168
401 131 857
425 67 415
462 477 780
634 405 762
226 660 330
179 143 441
224 47 361
232 32 572
278 659 84
8 694 936
153 640 950
402 438 530
200 128 158
371 643 888
563 450 609
169 758 677
453 565 848
752 582 208
184 106 75
223 128 753
468 64 394
280 240 170
273 700 335
277 2 14
287 227 130
590 778 924
72 709 83
573 374 156
332 278 101
509 137 854
242 675 233
191 179 434
86 28 172
566 459 173
151 651 624
127 779 32
160 253 35
517 345 274
659 584 143
384 596 84
535 217 983
149 196 672
94 753 232
226 564 61
782 507 979
290 145 130
622 219 425
86 547 449
519 504 954
320 231 178
358 422 82
73 172 679
358 761 152
84 721 549
512 123 793
557 496 347
518 399 339
543 97 651
394 689 137
169 577 472
334 227 57
239 140 126
173 471 963
703 35 464
182 643 424
247 784 936
568 751 927
315 621 9
312 286 253
314 61 581
643 512 855
612 210 216
329 102 737
749 604 679
448 460 199
765 765 644
781 120 47
189 738 677
160 24 202
561 279 857
360 764 665
150 783 48
318 50 268
666 35 253
539 293 301
469 436 535
493 531 447
704 114 697
163 161 201
278 147 31
44 84 193
17 734 235
120 112 278
7 491 396
159 311 538
176 339 138
454 434 976
649 252 780
385 606 327
480 418 320
616 499 366
302 359 19
290 71 804
430 720 668
400 268 590
104 218 478
82 358 709
241 129 851
624 223 870
372 594 899
675 376 152
407 69 414
323 674 161
161 394 803
670 648 492
277 519 703
47 682 239
398 487 774
489 638 717
249 349 335
765 746 217
648 753 170
781 600 962
132 199 172
534 152 254
79 512 410
396 657 210
419 136 588
400 606 200
160 167 756
539 487 143
371 376 937
45 492 65
419 657 611
322 140 558
384 173 629
248 569 699
541 105 820
38 582 760
562 500 92
449 48 543
512 612 208
344 374 248
700 283 947
717 85 794
179 732 876
468 674 52
730 458 771
480 341 328
631 175 576
606 673 620
749 112 838
632 270 383
159 784 429
506 379 602
371 424 564
249 341 975
666 454 706
376 54 301
347 465 70
710 473 791
736 94 388
579 533 72
437 506 236
301 558 574
554 625 896
273 716 382
408 69 450
399 550 545
740 346 400
301 776 358
410 583 492
603 594 981
287 640 950
667 630 465
311 184 686
498 432 697
480 428 915
88 99 299
87 79 780
585 98 668
483 596 678
739 410 253
158 494 854
63 606 61
92 45 943
585 2 447
194 337 274
603 124 34
714 272 397
56 276 370
456 512 657
146 26 883
754 742 445
599 370 655
81 643 680
650 391 363
337 235 316
116 445 454
494 752 343
38 778 117
509 9 935
179 345 909
537 344 884
436 490 945
240 148 187
55 351 899
499 719 914
429 517 17
754 773 591
10 256 288
569 745 520
478 605 895
558 468 545
400 594 815
145 570 595
647 168 834
277 511 73
95 0 19
441 415 872
735 576 972
228 98 86
209 757 906
530 184 320
62 759 829
361 475 374
726 408 849
357 210 243
405 504 888
213 782 984
401 335 483
144 312 104
219 194 874
432 781 113
634 315 351
400 301 582
520 199 598
106 176 240
105 393 910
242 439 437
336 136 323
276 146 599
201 75 904
512 471 924
114 7 724
734 345 642
84 484 531
670 357 559
480 656 395
451 604 873
333 608 326
35 452 140
15 198 180
579 298 187
364 783 885
693 150 106
597 265 891
343 462 411
101 277 236
302 438 569
626 780 196
712 289 963
726 509 953
651 453 719
152 646 893
218 133 500
334 649 258
419 620 977
287 376 827
315 441 682
215 416 742
778 647 2
562 327 421
254 358 456
776 7 490
112 412 395
231 167 684
541 77 5
580 81 29
343 283 935
543 424 599
277 145 899
662 701 860
437 469 416
416 367 75
720 181 74
302 753 785
531 463 531
255 630 60
433 482 727
34 237 826
86 235 214
269 432 247
712 465 152
496 10 291
87 127 836
31 604 12
211 119 701
766 314 330
474 525 189
679 47 182
270 321 692
135 220 397
494 537 472
639 64 992
526 66 157
176 163 465
38 555 624
472 397 147
273 135 75
284 576 881
102 456 241
131 335 874
346 754 24
234 545 450
426 661 42
23 764 534
272 377 95
198 440 599
106 554 324
432 539 540
62 406 584
233 277 484
586 217 383
32 132 487
480 590 433
515 671 674
579 432 999
472 296 147
493 62 317
99 95 795
438 561 68
399 224 484
709 46 244
225 13 392
677 169 849
266 216 194
176 17 598
645 64 400
160 526 937
404 17 24
33 199 814
683 385 331
53 626 490
54 324 904
265 298 156
430 218 674
445 578 458
35 15 931
700 55 565
367 144 694
600 676 737
271 260 417
322 749 448
108 384 476
39 306 333
672 498 809
48 368 334
585 699 949
523 386 517
33 313 281
300 125 398
12 747 624
699 589 661
120 424 648
693 424 334
345 245 110
496 710 7
476 592 113
183 165 915
656 187 404
664 126 198
768 493 39
582 176 907
231 141 481
105 671 632
735 743 788
698 349 161
485 606 69
109 122 170
512 371 20
674 611 153
70 312 679
262 181 487
586 453 813
129 576 591
357 297 795
713 728 176
500 457 991
565 257 505
458 8 591
512 469 871
344 582 570
4 102 1
560 367 348
433 571 16
783 596 618
477 355 458
675 683 984
201 183 574
230 212 932
366 319 835
653 601 822
539 503 56
480 309 568
29 470 592
471 651 920
585 204 46
228 158 665
189 604 149
374 427 118
195 405 703
181 288 607
287 784 181
613 448 949
662 444 560
212 541 999
200 140 291
111 206 88
337 492 12
506 246 396
235 102 553
317 661 386
370 534 559
180 283 132
168 5 788
271 158 502
669 148 780
376 190 496
699 723 702
721 701 906
434 695 879
506 149 906
257 440 256
620 642 679
774 476 914
530 237 870
770 670 381
131 754 275
356 531 120
442 177 154
417 786 673
205 513 734
251 645 82
34 389 531
143 438 197
549 544 165
106 69 509
475 123 482
33 79 122
420 254 165
721 720 186
25 206 819
710 241 396
498 607 620
219 211 95
218 183 788
168 476 777
116 329 581
579 455 800
52 392 491
128 123 621
538 566 491
505 409 220
357 638 325
347 143 492
563 427 211
209 20 29
637 660 237
426 177 441
204 740 314
46 460 770
25 682 127
521 22 649
429 519 684
51 616 983
137 750 990
197 282 562
444 349 241
624 403 268
477 589 788
375 579 992
269 313 726
509 543 24
101 319 2
622 38 972
392 618 349
669 701 674
694 162 573
168 0 743
63 655 967
739 593 156
266 268 247
383 726 286
355 782 712
649 95 489
28 686 622
502 598 969
628 74 298
80 113 595
677 660 916
253 132 595
613 331 878
605 501 42
529 368 300
137 733 592
103 264 264
456 684 288
430 586 293
262 775 445
50 227 5
87 199 392
736 71 331
369 588 468
249 739 232
470 675 830
495 236 686
626 81 51
76 327 911
733 237 246
352 146 44
254 64 22
329 308 219
318 439 747
514 660 681
778 746 171
274 390 168
262 569 592
132 704 90
591 45 563
461 59 231
66 357 635
471 244 306
208 306 566
471 698 87
546 409 565
228 93 63
641 518 270
398 719 197
206 393 361
747 70 229
708 392 723
112 63 853
261 373 626
394 697 293
264 265 31
106 101 33
544 113 777
687 157 544
405 538 464
693 284 902
166 369 59
218 286 554
453 582 345
185 678 124
279 187 305
709 436 409
397 284 292
360 5 483
508 558 433
631 398 604
7 728 602
550 540 882
426 692 392
647 471 532
786 493 315
751 426 266
390 460 469
484 389 372
169 753 327
508 753 324
517 420 903
668 355 873
22 704 697
94 563 297
92 762 949
347 394 166
249 57 903
125 750 338
555 83 214
33 188 363
518 355 993
716 44 70
291 587 251
39 16 455
782 49 953
38 573 724
14 497 151
386 357 976
774 461 671
32 714 138
331 7 672
26 173 736
533 340 133
177 593 965
739 454 97
236 106 259
274 42 890
39 405 947
82 562 75
592 649 323
653 327 783
315 351 520
44 290 531
259 557 611
632 463 596
96 187 550
11 728 416
75 474 490
55 556 180
574 534 538
151 114 373
504 427 131
49 467 589
673 643 947
568 50 603
635 86 112
384 127 914
255 422 571
11 288 324
383 408 85
385 446 10
352 168 39
722 561 115
249 621 948
178 340 226
559 639 168
191 286 403
153 267 876
343 47 10
496 691 405
699 253 526
218 231 675
429 241 708
217 129 970
121 527 380
67 663 715
373 509 459
430 420 839
267 40 120
608 354 239
446 268 390
486 105 875
355 689 789
75 86 360
727 706 560
135 499 758
714 83 39
359 667 317
468 235 928
670 280 228
602 224 253
6 262 989
16 220 174
591 164 158
685 618 3
691 394 467
142 348 307
112 71 888
52 22 291
278 272 818
487 209 387
565 781 852
722 374 730
249 687 365
227 627 87
174 426 450
423 738 390
421 650 276
469 390 90
527 214 333
99 153 225
386 154 711
4 313 947
448 12 401
587 520 766
761 482 727
302 253 119
103 189 402
275 695 993
594 70 447
529 354 983
66 226 770
6 778 624
8 590 217
320 481 151
488 575 342
342 741 953
124 281 19
150 586 492
532 366 846
229 670 934
751 556 430
92 723 341
475 762 606
666 565 419
261 210 822
486 332 152
35 403 465
566 530 995
531 400 932
770 572 979
528 326 664
355 682 847
632 726 682
290 270 511
189 287 44
636 276 95
713 106 383
500 64 754
271 736 808
296 320 932
767 244 855
694 758 785
713 484 882
729 400 799
164 12 885
194 673 712
134 67 726
621 725 889
244 642 426
773 641 8
337 555 643
621 37 851
597 592 972
349 345 382
426 629 397
543 676 164
187 439 556
142 705 963
613 176 163
672 300 709
49 561 793
521 663 716
266 719 848
528 251 806
644 683 218
345 415 639
127 635 797
408 206 774
332 480 421
285 371 313
218 343 274
369 563 310
144 622 44
577 561 910
47 182 169
651 472 529
142 302 608
277 339 968
641 128 109
784 407 890
33 450 660
131 85 931
666 344 404
394 538 870
255 258 731
543 757 325
228 584 914
162 71 509
660 543 223
710 375 196
648 186 617
17 346 615
643 224 390
574 463 121
779 404 102
645 507 625
764 508 292
377 676 212
583 168 326
103 618 559
528 733 557
338 712 777
65 52 588
276 728 78
458 385 126
614 714 633
127 785 128
168 106 463
238 505 878
42 79 458
727 243 958
636 367 21
129 234 488
612 201 972
547 765 958
576 538 974
662 206 11
725 764 766
69 538 745
613 158 918
380 131 924
256 375 644
734 390 336
575 682 792
370 76 325
433 477 67
618 652 742
162 255 816
129 659 717
342 752 657
666 219 138
599 63 628
517 174 405
503 349 165
401 746 635
747 165 622
178 11 828
539 567 861
659 199 890
668 747 901
579 634 829
543 553 568
27 673 96
422 664 25
585 628 287
612 170 305
419 49 660
33 453 638
42 60 346
14 468 99
774 570 764
786 224 915
712 103 64
645 88 504
409 80 486
576 557 790
644 746 18
64 583 107
94 498 503
143 660 678
130 237 27
697 180 102
142 138 100
576 186 78
110 663 395
326 25 843
190 403 229
588 708 434
90 736 171
729 223 873
594 611 577
515 262 466
401 382 809
122 296 972
599 776 184
752 699 619
13 40 76
294 412 217
383 677 200
521 121 493
489 289 80
26 216 834
338 289 142
631 585 817
393 667 711
548 570 600
578 466 726
316 318 504
612 162 80
779 171 590
387 389 767
59 591 979
613 774 123
203 340 70
75 420 722
491 552 66
290 284 638
159 617 545
528 423 247
548 624 332
444 303 141
416 189 386
406 99 91
770 625 489
370 731 546
278 8 125
711 643 471
18 686 708
9 171 332
236 467 194
223 762 403
119 563 690
343 331 459
338 347 897
115 381 487
647 662 297
176 554 369
657 197 759
682 169 540
586 411 220
649 309 801
433 407 63
358 31 981
83 425 163
630 164 11
28 611 76
483 762 664
467 721 60
81 148 719
431 397 368
458 405 460
635 38 793
130 281 45
207 516 471
614 782 535
340 42 212
67 126 978
85 192 956
328 567 775
75 65 778
18 138 767
71 210 325
598 584 502
511 383 787
784 608 297
670 221 612
687 246 84
262 678 666
434 521 457
29 649 872
185 785 779
524 727 630
686 440 41
624 306 610
163 91 503
204 484 220
580 228 258
736 774 94
449 489 65
604 122 74
298 594 913
676 140 915
193 375 701
318 436 853
12 526 199
127 678 840
454 618 588
247 645 349
160 175 66
61 506 498
272 73 488
488 475 199
184 561 727
751 690 370
646 144 524
394 411 234
99 572 591
519 102 812
614 547 883
506 140 842
520 93 918
558 216 287
112 466 957
699 356 678
594 73 461
2 528 948
53 647 44
598 780 98
646 260 468
403 623 106
26 313 896
299 742 490
263 593 387
259 308 989
315 464 866
451 286 165
572 296 860
339 34 305
310 737 210
187 553 970
58 194 793
355 48 818
251 45 639
748 174 650
410 635 560
379 721 937
575 289 366
573 455 185
546 109 690
598 381 924
411 774 403
146 347 888
233 361 153
563 607 517
38 58 515
448 745 320
547 665 440
27 532 294
420 17 490
205 71 716
285 452 295
578 203 358
756 407 923
457 244 63
39 665 753
207 29 687
333 353 21
503 25 498
150 647 599
306 728 838
298 761 58
714 416 563
660 504 431
742 215 486
138 751 249
634 253 523
382 165 743
500 665 345
779 772 751
243 730 225
344 297 445
395 363 819
133 341 180
779 628 419
649 7 848
349 690 49
29 123 267
9 251 38
236 89 600
702 652 21
401 656 656
280 440 909
335 731 216
345 682 344
698 619 847
317 491 666
52 732 109
264 577 689
351 629 475
303 23 881
563 615 889
161 784 438
498 58 754
515 594 638
171 104 573
396 2 943
290 459 680
646 266 99
430 173 860
744 669 450
542 783 694
193 262 303
716 296 39
542 249 583
284 107 122
194 576 907
499 181 504
758 271 862
493 103 930
190 744 118
226 325 320
569 417 117
526 733 67
50 380 277
417 90 199
574 242 309
39 155 766
273 648 655
353 675 910
681 649 239
719 691 349
72 603 277
375 640 952
564 2 377
760 54 844
777 7 62
772 575 185
448 282 237
696 278 723
752 595 666
432 259 937
592 722 401
313 369 284
555 59 527
666 182 565
81 580 14
653 401 257
343 626 531
774 396 297
758 26 324
42 669 345
704 71 822
643 706 91
497 315 386
326 587 550
56 59 549
684 441 735
203 781 252
307 695 497
240 114 813
249 124 328
56 349 182
120 178 606
131 486 165
52 257 861
348 699 343
3 266 9
390 477 214
536 409 863
725 415 496
308 259 942
92 175 804
331 397 71
702 359 294
587 486 173
241 257 780
593 78 727
737 752 257
125 623 629
200 489 173
27 103 616
413 207 253
322 4 924
26 565 238
756 780 105
239 448 470
126 140 820
472 745 466
248 11 254
347 232 758
429 531 688
201 12 180
283 771 161
298 542 134
157 714 677
52 74 954
210 554 12
159 349 158
369 27 258
326 215 111
745 228 897
731 250 217
162 608 119
546 100 222
391 315 468
227 624 221
565 399 225
478 349 203
162 448 331
125 576 408
502 674 690
712 194 465
328 772 511
443 654 343
741 232 725
220 314 848
194 459 962
180 327 88
454 379 73
21 643 962
756 779 613
110 125 640
392 3 599
81 635 325
560 417 898
725 63 519
553 614 433
670 94 798
353 575 274
5 70 161
636 480 72
512 675 4
161 701 808
464 489 985
76 734 891
597 160 434
420 353 480
220 510 243
645 43 150
182 434 598
163 333 562
721 535 205
110 448 975
671 718 203
502 156 756
318 64 857
442 148 643
659 266 551
138 667 530
312 240 43
597 169 639
164 90 26
226 684 65
130 152 598
196 104 488
316 155 586
533 14 504
679 423 445
142 32 133
200 126 747
317 563 623
114 294 208
705 531 946
632 676 904
578 363 886
669 229 713
402 357 692
168 555 660
643 724 205
316 45 115
64 71 273
665 378 553
82 430 390
717 93 243
140 123 369
578 617 811
737 96 941
670 126 710
243 569 19
232 229 58
86 184 271
600 162 736
408 64 756
41 449 148
190 530 276
253 732 514
195 419 127
351 597 936
514 678 857
98 544 672
520 146 317
718 650 666
163 260 123
84 187 532
631 85 391
724 154 974
608 257 320
443 320 368
782 625 391
396 216 986
556 306 539
434 770 201
318 76 121
529 610 307
140 729 932
412 7 898
496 343 61
28 758 541
428 671 824
18 193 909
67 260 19
276 680 123
296 708 752
207 47 959
265 464 92
577 592 695
413 403 513
527 93 175
686 2 823
78 108 669
172 681 667
58 46 867
174 358 837
773 367 734
223 21 569
543 69 711
169 126 632
429 716 514
775 478 957
740 600 445
256 401 955
15 672 960
290 729 603
259 403 479
567 327 542
506 13 863
99 171 277
479 706 542
429 355 872
333 749 871
484 316 106
589 610 219
60 538 950
510 351 70
559 354 906
676 332 323
315 622 863
363 125 959
632 132 602
624 389 165
212 387 575
424 215 494
278 161 728
516 541 312
425 392 744
51 194 863
574 162 673
235 84 532
330 761 828
432 627 26

183 552 666
212 518 403
463 423 418
563 250 372
74 52 946
179 380 831
78 488 868
375 375 185
124 170 689
160 101 1000
401 272 219
149 553 228
65 46 733
95 270 17
409 79 798
46 142 457
410 184 411
499 546 442
423 250 992
211 544 817
320 399 21
209 46 138
45 563 553
98 557 113
305 1 334
428 47 728
13 65 619
441 184 457
445 395 746
435 482 48
398 435 359
95 374 374
566 103 941
146 527 344
2 168 670
311 373 961
392 84 398
284 69 416
164 243 908
304 170 357
324 528 617
529 114 554
267 414 809
556 27 210
398 35 165
15 429 160
253 133 4
180 156 257
484 270 993
129 567 530
62 92 913
242 125 448
23 419 432
420 382 237
469 39 170
113 257 797
6 140 42
312 369 987
388 470 575
416 355 983
108 230 958
511 66 777
276 21 885
75 190 563
273 460 38
206 248 804
297 140 801
445 553 223
458 260 625
324 430 297
405 296 645
147 244 317
253 500 423
346 329 320
79 398 109
209 64 513
61 513 502
5 299 986
183 166 496
62 179 41
506 318 637
111 305 633
110 0 388
427 430 645
64 556 771
85 25 448
110 517 676
187 464 789
130 389 776
79 506 77
19 381 59
408 278 242
93 208 723
59 443 22
459 554 242
315 106 629
447 387 144
508 304 618
177 254 353
478 296 482
413 110 577
557 170 18
208 446 78
133 346 641
560 135 434
216 217 812
497 251 371
376 167 987
468 563 307
105 125 384
473 114 481
113 321 102
440 50 661
229 516 875
398 87 813
233 481 164
62 140 433
133 47 128
130 297 416
345 380 199
455 166 598
13 40 645
37 537 634
127 395 124
434 530 502
101 173 417
493 48 256
553 320 645
389 290 370
40 13 162
161 432 271
208 335 654
13 330 700
549 85 42
258 191 732
376 68 426
216 559 89
497 215 877
492 540 694
438 300 839
398 328 970
281 98 801
474 501 152
272 77 575
537 253 861
317 441 502
180 175 861
33 268 48
483 370 964
313 100 756
430 167 627
321 18 816
237 398 618
34 297 13
448 18 229
382 76 761
396 515 402
563 123 244
245 6 899
213 244 90
401 24 586
350 556 891
150 340 802
514 446 536
108 76 889
541 120 671
13 380 554
222 135 122
465 501 543
154 521 835
87 374 362
560 136 672
56 81 597
60 10 457
194 562 959
167 239 757
274 356 308
456 482 973
397 253 672
266 202 43
318 168 814
45 74 268
109 155 37
132 96 430
166 252 33
109 369 751
557 522 841
304 62 375
58 46 446
18 270 134
326 247 380
343 364 154
551 181 93
410 497 221
25 329 326
554 90 315
48 59 159
100 15 139
407 224 530
364 35 520
91 453 156
37 510 168
321 392 634
476 418 416
4 450 893
160 70 459
7 338 794
63 74 637
513 422 969
121 62 484
329 137 113
486 210 427
56 364 714
240 166 825
37 356 829
156 456 545
68 223 875
71 418 49
29 252 649
229 224 500
409 180 347
12 342 52
355 500 92
82 304 234
64 443 698
363 122 673
464 508 172
137 143 665
216 474 228
40 151 183
117 47 699
363 187 59
31 179 833
466 177 18
322 179 966
318 331 873
263 27 437
43 1 194
413 38 301
73 262 94
444 486 589
71 353 286
478 76 931
407 503 644
476 112 880
32 185 623
520 450 572
311 542 713
545 498 935
431 61 81
496 135 414
517 34 912
20 11 362
170 420 10
27 338 557
481 311 127
66 508 643
285 394 584
295 224 822
337 46 453
303 104 475
272 341 121
360 491 906
207 345 113
180 206 970
26 548 219
87 264 861
216 480 241
151 498 714
143 517 193
197 422 791
13 495 761
91 436 883
84 144 878
86 51 130
308 24 821
351 432 700
14 200 431
469 247 577
392 374 882
453 314 853
529 442 525
285 411 117
163 95 813
158 505 860
222 2 906
233 252 236
197 86 900
306 217 596
338 15 0
414 351 602
300 540 368
433 161 718
282 292 16
179 311 52
534 437 22
283 368 83
468 143 430
134 490 443
388 536 828
139 80 594
75 333 864
11 432 691
291 288 161
149 19 686
190 18 413
457 387 125
11 539 681
32 232 964
506 103 869
485 452 900
77 54 712
443 271 489
5 126 974
417 45 921
221 1 629
228 287 609
421 401 638
442 471 65
557 174 360
488 558 620
22 525 971
74 17 803
520 559 320
136 552 994
504 410 240
478 456 862
148 299 0
487 326 527
122 208 97
34 109 772
83 559 536
400 269 817
238 268 501
69 318 199
251 118 394
343 561 257
321 516 805
289 130 809
73 123 888
5 243 156
50 105 771
177 195 791
310 10 515
297 419 1
100 316 735
29 250 781
385 7 642
428 140 71
446 404 662
534 449 794
141 548 817
514 125 212
253 259 965
477 226 835
435 535 835
551 238 264
283 394 832
328 278 68
125 166 619
26 567 988
119 424 669
27 554 335
203 165 587
443 280 596
210 33 493
42 318 431
337 43 429
245 68 747
191 509 177
53 12 671
429 500 381
154 167 298
416 404 545
93 105 102
143 56 612
436 534 410
101 406 872
128 215 116
120 91 129
105 61 238
471 267 459
24 1 363
118 0 317
280 531 780
167 227 702
335 299 751
25 337 880
307 72 791
567 116 866
412 60 844
411 416 218
489 34 615
254 82 196
8 7 435
512 153 185
185 265 952
363 207 906
124 205 718
298 322 779
283 246 370
357 53 316
258 517 201
479 168 388
4 384 320
413 174 86
16 294 899
305 127 847
374 183 860
321 184 863
539 79 549
167 125 734
504 256 101
146 147 76
533 317 769
346 161 566
348 562 121
469 266 830
489 178 685
130 108 343
261 339 885
318 20 14
366 422 577
160 17 473
439 106 809
135 524 46
75 0 390
529 100 851
428 324 23
352 418 106
65 471 89
51 280 816
204 409 190
27 76 794
417 191 106
437 136 644
269 476 975
307 27 360
521 186 310
117 113 26
306 89 23
86 278 282
276 545 427
47 361 484
537 497 557
303 415 126
324 87 238
230 561 987
239 135 375
478 522 842
475 143 734
314 151 175
494 542 359
103 11 809
428 468 498
150 441 924
404 249 540
550 485 857
492 384 397
427 286 68
371 38 932
140 22 697
105 517 460
78 33 697
505 381 199
273 537 437
66 499 677
318 297 570
322 229 337
378 438 56
90 422 558
541 27 791
518 133 894
481 191 39
37 433 914
323 515 204
564 36 717
221 372 954
348 166 436
549 376 190
135 102 65
144 144 217
260 470 191
413 525 715
257 406 4
374 285 141
88 163 202
371 325 366
100 247 743
306 156 405
552 175 775
512 260 22
527 419 734
378 526 692
403 522 227
86 567 290
37 270 689
105 160 160
385 188 778
421 192 245
113 68 745
280 167 125
203 560 231
506 527 373
145 447 110
83 111 126
236 199 173
537 544 829
335 24 729
318 5 218
419 113 511
200 424 700
425 426 747
257 182 769
302 361 378
169 38 329
73 207 28
68 164 784
452 192 371
473 282 136
237 242 763
384 518 801
51 222 753
103 483 14
399 252 308
474 16 447
14 558 440
419 343 784
513 541 420
70 311 638
479 393 901
120 533 132
100 25 913
207 72 532
338 472 859
177 125 47
421 403 147
471 137 934
397 339 80
567 85 706
81 179 578
143 29 986
410 44 672
280 112 461
492 453 149
422 266 569
214 114 558
473 28 716
525 266 999
474 132 360
332 522 304
464 325 599
250 145 360
263 62 901
328 348 944
330 111 560
42 59 43
415 26 413
322 351 558
442 346 509
199 312 895
168 173 86
108 549 2
373 70 695
319 387 684
54 8 773
286 194 377
274 548 562
328 322 253
298 340 11
217 276 401
252 147 983
260 329 958
213 194 135
4 495 89
506 20 972
90 348 679
421 98 593
459 434 746
384 111 57
132 62 306
7 37 133
186 16 460
99 247 351
345 374 575
349 357 725
282 385 737
55 432 997
345 254 5
160 115 368
299 19 917
265 46 255
224 549 155
555 476 42
165 22 709
500 221 699
79 423 457
102 95 552
490 252 565
45 384 548
333 14 898
502 71 772
168 269 149
60 131 805
104 213 455
262 26 956
189 88 515
381 521 794
547 375 352
106 203 240
332 293 975
560 106 465
499 530 879
361 4 17
547 336 820
421 43 614
46 84 393
138 328 701
155 259 117
243 399 730
253 382 88
349 158 849
50 87 342
384 400 384
172 204 646
559 109 529
21 419 472
307 187 333
65 562 57
486 138 22
40 281 346
358 252 38
467 533 578
95 166 732
51 310 325
261 492 146
306 386 433
446 91 468
224 395 407
312 468 94
473 460 553
169 160 858
460 98 302
158 359 648
498 209 125
76 342 887
154 556 623
85 292 960
81 203 564
189 454 500
186 145 903
126 66 549
376 199 38
319 479 430
295 437 789
487 433 611
356 157 726
378 242 173
144 367 58
262 318 49
143 248 572
551 156 576
464 265 777
269 7 831
118 269 406
561 441 362
498 532 737
206 12 487
340 321 52
269 223 29
525 31 684
177 527 870
215 426 208
471 306 513
285 119 857
264 140 949
209 250 72
368 149 92
350 157 735
167 107 504
372 400 505
515 238 573
158 11 43
354 243 66
506 375 120
519 15 948
343 245 559
58 531 691
347 456 600
346 322 210
429 222 473
409 207 90
114 514 431
497 244 629
364 144 893
546 478 300
471 176 389
35 143 695
9 26 413
270 374 353
114 381 872
332 281 155
283 283 39
499 409 440
24 326 397
275 405 817
351 116 296
82 78 880
528 96 767
470 380 210
251 258 73
523 526 335
146 34 318
234 504 327
299 257 559
60 470 43
554 77 634
176 211 235
325 360 48
314 168 692
521 116 492
217 349 834
41 561 782
396 152 410
393 349 478
387 428 627
556 332 301
358 323 13
266 79 972
560 294 839
116 310 477
148 76 102
498 0 706
239 66 730
83 178 768
377 510 81
542 26 371
378 204 452
147 232 61
160 349 747
513 223 457
118 531 329
308 1 965
423 310 454
42 354 119
221 54 868
205 436 49
41 538 524
283 453 245
511 500 243
280 382 361
178 31 987
86 549 416
378 536 980
36 234 97
328 178 387
331 468 233
326 140 817
281 127 43
270 565 846
555 65 829
190 163 282
145 219 485
407 477 519
380 226 299
429 78 634
108 137 173
141 130 446
371 293 509
172 267 632
136 107 848
167 341 170
329 511 597
191 566 4
264 162 952
4 458 757
538 233 976
421 529 889
509 13 523
305 396 234
551 382 243
33 325 969
401 512 752
183 508 27
502 33 476
546 331 585
490 29 428
33 550 866
388 407 775
232 417 54
313 34 207
299 162 412
7 352 956
423 392 608
66 375 371
208 489 712
395 267 654
546 311 199
183 304 662
329 503 706
157 71 681
87 78 866
180 388 178
262 39 941
312 211 599
489 373 677
209 23 490
162 312 620
283 270 816
526 112 138
94 564 564
356 183 787
95 514 991
96 42 251
51 286 667
283 414 17
444 293 306
467 338 269
230 168 785
394 108 619
209 319 12
508 443 512
489 119 859
388 155 778
345 410 499
366 544 415
330 435 753
521 524 284
142 280 549
275 85 764
334 370 724
355 367 38
419 256 614
112 155 467
503 355 563
11 433 33
320 493 236
407 203 480
142 10 621
20 103 753
495 307 167
32 79 879
240 95 85
509 497 942
371 277 171
226 521 864
180 8 252
350 472 496
359 507 755
453 176 509
268 169 971
493 341 524
179 412 847
458 320 752
242 479 152
235 422 415
538 49 490
338 536 813
360 474 282
533 9 784
361 264 165
548 552 468
514 255 823
552 343 781
349 1 517
345 269 45
420 402 522
215 142 549
479 307 282
129 231 359
116 421 296
19 518 673
402 7 311
471 182 528
91 487 380
411 548 878
262 213 412
341 370 262
244 115 244
174 463 613
526 155 245
138 470 492
149 503 991
368 205 947
237 47 235
524 214 261
135 467 304
433 437 168
529 562 916
283 321 496
201 15 576
457 423 455
545 409 500
144 79 598
312 346 209
422 454 497
82 463 380
395 275 688
365 472 444
327 61 309
355 452 250
23 132 63
523 512 746
2 204 241
540 494 335
394 418 792
522 213 805
458 221 17
76 497 124
200 14 951
285 389 129
99 321 730
56 274 736
209 423 545
538 475 583
441 81 632
171 191 583
268 47 246
235 526 187
421 426 117
479 222 593
528 171 983
423 14 432
446 519 573
409 384 97
411 322 973
205 256 778
179 296 472
224 46 281
22 192 993
230 506 882
281 432 757
98 563 823
329 235 969
192 403 944
357 228 542
446 346 620
490 299 873
557 487 608
409 393 349
396 66 692
121 369 578
308 326 328
531 78 189
522 305 197
355 217 584
162 453 286
410 223 312
262 499 34
90 452 779
425 489 921
141 271 856
160 501 998
298 12 34
551 365 720
471 256 553
427 215 490
557 455 415
455 357 224
268 430 878
528 130 288
32 294 968
329 425 389
525 262 471
51 91 385
303 341 49
331 89 721
498 157 773
193 254 845
264 525 675
225 272 446
370 471 371
201 466 44
506 390 754
483 83 691
178 370 597
187 245 740
12 456 694
78 167 62
102 171 495
137 228 463
497 216 448
265 518 286
261 363 636
296 126 265
228 482 713
67 83 418
297 62 187
301 227 829
508 274 829
421 36 255
454 337 57
362 454 981
74 289 136
93 433 451
35 364 939
21 151 507
239 168 576
23 31 708
341 479 489
153 514 211
445 168 8
500 51 886
187 422 591
55 134 666
386 42 62
249 564 358
358 402 454
86 332 689
76 338 344
150 530 238
459 407 170
191 478 679
81 359 421
403 436 682
256 12 813
279 248 959
175 419 649
341 369 983
199 133 24
289 541 341
9 484 433
293 382 694
475 245 86
261 439 243
351 469 651
482 274 179
553 29 376
324 519 744
358 143 481
126 130 470
131 358 880
27 111 74
442 16 1
332 406 88
158 363 104
322 316 362
510 543 687
510 124 634
159 217 48
382 490 412
328 33 698
129 182 136
377 110 689
195 25 315
179 104 7
219 456 978
423 124 687
294 203 652
81 319 352
489 278 141
560 23 462
507 208 559
77 383 809
43 375 466
378 150 254
139 487 431
337 78 496
187 184 328
104 165 944
456 166 0
25 563 798
474 263 441
437 95 263
212 556 157
113 75 985
368 452 96
196 10 599
154 391 29
517 179 49
14 68 402
392 48 718
300 203 946
153 46 406
229 14 364
71 320 13
124 458 274
117 386 238
282 139 472
65 153 815
411 155 970
256 38 822
521 474 663
96 63 90
370 295 856
318 127 947
142 330 860
348 66 735
218 37 966
522 441 775
441 299 551
60 188 495
88 525 765
182 35 844
483 499 224
73 377 169
123 433 452
301 18 540
259 293 391
97 281 432
380 36 455
324 389 947
396 411 484
150 511 299
420 206 895
491 161 419
41 246 348
495 62 700
135 454 591
221 453 501
150 323 633
412 287 33
58 328 948
332 554 715
264 369 244
118 498 679
463 367 941
555 434 364
127 446 874
567 336 198
11 235 989
275 401 843
273 321 259
566 341 4
507 378 634
114 0 378
291 301 403
154 230 78
540 426 144
138 190 597
349 322 813
358 110 935
532 307 471
27 283 62
89 249 898
447 276 617
110 213 638
54 420 960
248 449 713
562 510 101
496 270 654
394 262 705
149 340 522
407 273 605
98 330 36
489 494 454
545 29 64
404 387 508
518 547 379
291 554 903
325 546 84
312 118 588
203 534 258
316 90 803
552 10 820
282 341 823
411 250 239
486 200 534
407 119 159
215 183 211
129 422 815
319 55 912
227 36 148
81 208 570
173 368 199
537 347 45
208 220 998
62 221 910
189 398 837
417 368 94
55 197 969
144 402 70
458 230 182
431 157 834
304 452 772
75 101 758
510 249 737
97 408 52
112 278 475
541 301 724
267 454 70
358 275 173
361 127 418
525 229 250
530 499 813
506 472 384
282 173 565
163 129 643
419 65 386
166 296 708
206 39 118
8 38 6
545 138 795
486 285 539
413 51 943
322 64 954
532 467 435
134 475 79
200 47 396
31 342 484
79 369 324
396 202 889
93 54 569
488 291 794
246 374 980
268 336 758
4 349 759
451 68 764
454 196 552
422 209 318
344 326 638
181 357 149
180 338 560
504 332 584
46 157 708
538 216 65
251 425 747
30 177 984
366 369 578
266 417 573
91 198 940
482 136 746
487 544 569
568 381 520
394 503 982
385 209 659
89 455 163
320 348 423
201 261 76
532 264 680
105 283 825
210 195 445
418 318 796
80 461 454
200 457 510
168 410 422
111 54 804
443 175 487
117 468 366
256 28 982
259 164 404
388 198 734
392 110 396
485 544 871
403 138 32
261 312 362
22 92 258
374 527 863
221 544 861
231 134 205
280 430 351
544 300 368
297 260 20
379 185 165
366 398 494
177 194 292
175 49 482
441 253 327
352 66 581
43 88 979
4 144 101
343 15 736
25 215 12
306 61 815
118 451 958
503 288 692
286 389 61
109 128 497
159 200 168
139 435 900
506 481 706
88 31 798
384 93 417
450 264 783
202 522 477
173 495 929
194 403 649
227 389 369
499 88 441
493 131 541
178 38 956
108 452 418
488 54 360
87 406 86
209 131 570
27 138 489
189 3 329
548 83 880
375 38 508
137 203 184
321 512 748
361 311 63
90 384 315
331 167 514
19 71 441
202 551 443
319 213 222
494 21 715
453 192 935
433 197 259
393 389 159
140 346 485
286 4 299
132 216 643
4 446 636
372 282 211
19 161 445
298 294 569
363 557 3
340 82 628
92 33 297
312 3 912
320 304 595
254 537 823
1 195 662
340 21 636
139 198 898
160 366 993
422 412 318
339 488 979
309 110 633
400 376 339
199 444 25
343 173 727
189 209 530
351 448 833
66 239 983
136 281 624
398 85 859
162 215 742
147 344 788
534 101 823
173 566 202
540 1 259
237 215 681
467 561 560
40 526 535
130 348 962
272 331 369
242 505 468
540 26 703
225 340 437
342 525 790
473 432 674
33 79 14
441 496 119
261 498 649
258 393 852
506 395 568
511 448 275
136 169 224
58 280 841
62 313 193
488 17 722
50 145 661
512 532 890
71 328 113
308 524 685
133 549 75
108 530 414
349 466 86
428 154 234
418 260 332
482 187 693
274 455 435
10 251 534
490 85 405
492 203 614
277 505 31
202 229 677
424 507 559
418 305 331
171 74 124
381 82 495
139 372 764
7 497 39
206 337 244
356 78 269
420 232 212
527 43 777
111 526 617
8 496 521
44 442 706
466 217 994
408 20 351
210 361 432
224 541 134
208 540 228
361 116 648
110 200 85
312 149 700
293 514 247
468 438 318
468 363 8
442 300 294
367 463 44
2 500 988
95 162 991
138 258 196
436 530 303
266 534 373
503 90 311
193 27 268
256 512 531
312 472 527
44 329 101
258 500 781
142 556 736
80 448 0
61 526 906
146 529 371
563 120 758
274 562 267
343 28 515
393 184 197
443 100 912
405 123 514
161 541 193
190 456 709
99 427 251
174 464 411
451 54 12
489 445 845
285 164 759
122 124 549
70 89 298
141 69 822
73 297 683
478 32 397
460 46 32
433 385 511
115 495 238
384 6 430
395 164 547
232 138 987
15 562 639
310 519 532
480 323 968
192 283 703
114 500 907
44 128 230
364 565 566
316 100 483
241 108 759
357 542 33
29 296 865
260 236 728
117 383 626
159 468 781
71 12 623
211 303 245
479 242 773
344 7 621
365 335 772
225 23 467
285 378 624
428 551 972
140 520 926
113 457 764
452 314 7
228 524 945
262 401 567
335 547 455
157 26 633
459 502 710
259 141 921
406 512 147
243 393 29
109 421 255
302 144 571
189 529 275
65 327 882
298 237 154
23 450 745
255 296 344
408 455 289
559 430 782
66 44 786
217 186 541
396 348 685
363 287 124
567 216 926
437 381 116
378 158 785
342 348 539
243 410 929
109 399 735
455 466 910
199 82 455
326 196 119
481 395 356
357 387 894
156 166 72
311 424 773
474 2 499
539 24 45
138 185 28
244 225 768
536 153 37
163 531 920
29 438 841
146 264 745
425 381 709
222 207 385
555 234 522
319 294 891
206 391 453
24 371 527
34 77 165
155 391 343
14 86 490
274 435 857
121 385 830
456 310 391
111 561 721
378 9 683
325 353 492
385 281 587
405 381 946
437 217 803
69 292 723
229 313 880
518 561 5
566 83 552
176 474 662
230 280 400
13 188 132
371 394 167
371 101 412
114 123 471
157 35 439
238 344 846
463 494 616
119 212 713
555 349 825
89 319 583
496 464 284
530 372 802
282 448 895
24 294 334
470 70 551
83 306 949
495 74 976
271 219 266
88 409 794
214 64 335
541 509 269
462 54 278
103 228 198
1 398 42
430 524 326
236 196 807
127 178 595
331 20 673
210 530 311
361 247 220
547 150 753
80 2 69
494 72 6
167 133 228
287 538 380
269 34 617
501 417 595
406 369 435
377 504 980
480 121 804
511 147 289
345 342 884
553 318 666
257 279 665
511 160 377
336 282 276
151 390 902
121 429 274
549 15 999
291 141 975
421 112 400
51 558 931
267 341 345
527 237 746
426 128 133
537 53 220
151 30 533
525 278 744
194 370 485
264 374 850
110 236 789
430 394 542
129 13 177
201 309 787
129 382 88
348 548 420
231 509 910
261 392 383
106 293 425
279 289 678
42 113 949
385 285 245
135 43 456
137 476 835
433 275 874
338 26 744
34 400 272
282 396 188
153 113 544
356 318 476
350 427 110
235 63 56
36 380 810
221 429 552
194 337 199
171 285 464
566 68 564
15 567 729
335 278 547
156 229 220
227 281 445
99 487 163
486 204 910
456 133 421
174 323 815
133 259 265
464 219 704
270 477 563
222 126 524
279 229 396
3 187 31
345 248 400
270 332 835
413 520 196
465 19 130
521 21 352
299 255 241
334 444 291
419 375 392
15 426 914
274 123 603
24 410 223
294 2 807
142 249 668
142 1 966
51 59 65
555 7 302
417 101 705
338 70 110
334 375 312
14 426 552
141 237 591
292 316 880
154 485 940
82 534 13
291 420 907
84 410 327
278 249 55
350 377 273
517 531 611
78 495 895
204 215 474
271 213 138
360 147 396
250 459 63
70 54 76
116 191 68
480 282 377
117 299 668
96 152 952
339 44 925
126 330 378
418 258 689
337 373 795
367 375 784
28 267 236
376 187 632
253 469 110
122 540 262
443 526 806
484 52 926
346 158 814
504 340 69
149 72 440
221 162 322
368 0 487
133 32 152
111 279 96
362 300 622
80 252 646
492 85 61
368 426 32
93 180 206
433 323 475
114 57 420
320 223 402
430 212 929
59 352 23
102 487 638
497 19 60
178 436 504
371 40 794
75 354 605
21 322 7
486 118 974
547 448 698
20 188 215
237 526 560
284 26 75
343 490 5
300 383 706
31 98 764
391 493 576
136 320 830
32 182 855
319 202 959
232 413 595
337 427 139
516 305 567
201 528 720
386 276 643
185 272 289
242 78 264
11 244 998
346 314 613
420 441 592
43 346 234
299 514 791
232 177 715
564 330 142
183 423 889
68 174 867
98 176 870
459 14 970
390 156 349
254 563 183
99 473 410
295 26 468
335 282 844
268 147 787
98 315 320
259 339 380
412 90 111
503 500 188
142 158 854
228 308 613
268 243 136
198 229 300
68 187 270
567 227 726
228 116 788
209 159 968
419 487 873
322 84 667
359 287 888
298 48 937
255 416 232
290 216 502
162 529 529
372 520 328
545 246 469
250 453 951
318 65 565
248 85 98
107 530 41
530 360 931
488 30 57
414 116 779
25 486 158
270 63 327
244 35 49
357 394 302
395 504 165
476 466 371
547 177 721
166 313 384
459 196 428
110 225 951
101 226 76
212 425 957
412 101 21
363 81 873
121 204 374
400 423 992
179 37 484
197 525 580
360 504 250
75 303 264
301 557 748
78 126 452
441 241 249
283 278 83
397 325 705
330 94 712
171 89 496
325 450 974
174 517 800
26 371 391
207 368 251
23 393 499
65 446 103
505 330 452
204 439 568
248 28 116
52 428 891
88 195 222
560 75 554
153 493 209
496 182 392
372 517 887
536 339 822
138 435 843
300 448 841
307 553 634
380 370 67
25 414 714
438 63 239
172 419 557
224 115 910
315 180 513
515 345 4
99 145 795
515 32 313
267 2 836
42 476 484
59 258 992
78 119 46
205 153 898
97 332 553
5 50 379
214 37 676
106 402 299
230 531 751
303 378 390
473 326 741
346 235 253
539 547 496
528 447 566
415 554 708
217 170 28
438 115 94
114 110 611
180 483 360
508 149 192
305 83 256
344 100 337
547 208 229
222 265 108
69 138 882
564 227 953
258 272 634
76 1 331
128 19 540
282 532 161
483 93 503
85 171 181
90 509 253
411 488 331
531 244 222
236 275 558
198 437 751
505 281 237
547 270 840
224 51 114
102 33 5
13 278 132
216 379 988
123 507 821
457 135 741
202 108 316
562 272 967
412 255 19
274 391 344
306 278 184
411 27 242
263 57 171
289 428 751
340 329 271
313 63 267
328 159 68
279 373 15
563 527 659
518 119 935
529 301 185
346 521 208
111 27 197
430 304 916
177 374 749
280 327 69
230 131 92
107 509 700
462 164 753
241 417 447
503 452 69
446 548 856
222 53 225
1 108 139
328 90 885
92 324 964
225 362 475
401 158 894
346 129 764
411 313 104
433 290 716
436 506 420
467 317 238
378 198 66
1 101 632
168 17 556
50 370 938
45 170 109
340 483 250
499 198 154
486 262 259
397 81 934
503 204 860
14 347 646
21 110 219
491 389 116
104 30 696
103 28 158
490 345 898
7 296 884
27 362 666
530 249 821
436 143 555
529 338 29
24 72 139
33 60 838
564 52 809
138 5 226
303 372 808
461 560 588
554 37 887
205 19 408
55 404 711
366 515 222
469 548 890
9 73 922
158 195 186
50 244 337
121 214 554
100 299 551
186 104 70
297 377 99
126 160 487
243 197 813
146 435 733
508 47 392
493 415 687
409 67 120
388 134 955
132 213 453
450 502 856
23 429 777
351 41 177
267 89 914
360 92 544
225 310 314
47 249 976
475 402 927
495 510 446
361 509 749
81 383 684
23 502 245
176 557 382
50 466 243
344 256 609
33 226 693
134 74 829
545 568 639
494 500 497
233 523 573
177 235 532
129 548 151
497 230 242
82 375 715
59 126 325
200 44 224
480 92 91
509 122 799
140 93 879
279 202 768
501 538 564
496 422 764
108 197 539
54 181 272
1 399 141
32 75 778
8 550 547
223 6 487
82 39 943
206 439 77
367 41 589
363 531 644
567 551 962
47 275 561
8 254 687
162 116 305
244 404 793
3 492 912
199 94 513
303 438 905
525 548 321
241 479 411
523 403 155
404 430 721
301 53 21
537 283 906
31 516 256
490 49 786
477 41 536
501 381 24
171 152 879
351 431 438
167 473 588
337 518 705
405 541 749
179 405 423
384 430 218
431 1 583
14 325 627
394 287 710
236 241 946
152 3 942
367 550 228
207 499 701
338 136 813
299 152 623
316 317 530
42 185 506
299 415 148
256 176 513
101 543 455
203 184 755
89 271 390
189 259 241
149 286 609
271 516 260
345 215 907
292 11 71
410 154 593
86 430 332
290 291 589
367 67 796
136 348 764
285 204 577
23 451 562
385 26 313
206 303 969
559 40 348
288 199 32
306 25 588
87 307 549
172 187 161
438 445 993
116 127 766
253 378 801
68 147 552
290 97 864
347 404 844
356 233 871
145 395 757
423 293 879
481 92 889
168 384 26
512 493 599
176 401 593
355 212 672
247 271 321
499 4 541
24 359 482
519 494 53
144 321 765
540 268 115
565 446 620
189 139 664
552 56 614
325 555 733
542 4 157
548 469 632
449 199 729
561 4 341
174 19 766
75 420 305
464 355 434
1 230 50
339 95 884
352 538 80
306 427 880
224 490 117
411 415 857
469 482 362
252 274 127
533 395 517
216 325 840
404 14 41
153 426 732
397 201 172
160 113 679
530 27 214
484 488 454
527 325 454
35 161 329
344 443 12
178 496 232
128 412 7
172 232 854
352 139 798
529 184 992
402 87 956
311 383 200
370 531 391
371 561 857
21 52 939
495 376 237
303 205 777
87 536 987
476 373 224
59 1 272
178 501 743
475 311 253
163 73 932
299 178 645
91 267 936
325 274 312
131 384 959
518 468 852
22 280 555
287 442 268
512 109 208
340 41 535
4 84 939
348 363 252
22 247 517
442 546 640
501 21 321
363 490 442
540 221 733
159 121 437
242 144 656
371 123 997
62 170 3
534 419 838
193 93 894
411 392 222
233 123 118
42 317 896
63 142 41
362 501 827
535 98 390
146 531 451
335 100 333
382 558 934
307 56 408
57 65 981
56 36 358
451 28 748
452 134 161
34 5 787
529 286 579
217 36 6
505 448 33
165 8 716
274 128 239
178 509 468
420 471 19
527 565 164
287 457 359
62 493 837
311 416 5
421 535 599
421 321 621
44 471 286
238 480 133
237 18 140
145 107 192
437 71 505
499 260 534
87 125 112
452 285 899
357 87 566
331 297 408
72 309 303
426 106 836
545 217 628
559 322 46
19 434 844
38 414 559
534 143 807
251 487 192
436 91 546
17 423 8
324 503 428
279 209 901
39 40 733
206 15 430
483 91 424
529 244 929
5 427 8
92 82 951
80 480 419
466 326 568
488 494 57
445 218 319
101 499 390
212 391 909
522 247 213
405 153 40
63 279 13
474 120 798
229 220 879
307 432 239
116 516 144
64 423 276
551 140 102
367 4 640
372 329 702
102 247 561
555 54 667
223 285 669
143 213 320
89 151 88
58 497 572
62 52 59
114 53 713
464 27 130
277 270 209
476 311 422
383 142 184
406 4 150
528 392 155
66 323 76
392 490 232
145 532 785
7 43 921
324 317 249
112 39 839
455 403 505
305 377 828
490 165 465
563 265 236
304 532 178
457 373 602
204 343 704
517 470 659
240 273 440
184 511 851
40 262 196
30 67 281
381 270 841
181 366 146
561 346 299
138 469 198
455 255 814
159 423 758
548 23 885
470 166 720
333 564 545
138 165 279
302 541 529
516 298 943
197 482 983
489 42 372
99 73 265
266 278 199
64 215 790
265 486 843
137 455 207
228 466 746
227 517 852
495 375 37
235 82 337
1 479 666
148 382 664
219 418 914
195 230 149
322 90 231
160 122 270
565 473 986
542 402 498
378 530 192
125 145 509
136 450 16
466 80 248
307 253 860
114 152 96
339 14 96
263 189 569
253 212 982
334 268 559
498 119 282
389 279 891
496 317 252
167 116 968
523 232 38
97 215 625
114 347 392
142 265 142
527 5 812
318 152 180
91 450 190
221 23 361
60 44 160
270 482 962
305 6 968
115 67 897
65 521 13
351 506 844
359 515 25
546 330 83
390 97 918
457 65 395
164 213 84
528 364 112
330 486 511
546 140 128
7 243 371
287 164 68
450 88 425
15 515 715
123 3 432
555 47 849
476 553 142
436 84 682
415 377 241
379 166 137
357 39 309
85 39 173
478 484 709
148 179 442
384 157 17
122 98 309
337 153 405
421 458 374
98 442 572
463 568 467
315 98 766
372 356 912
9 37 913
255 209 150
513 102 633
516 107 718
267 440 49
27 227 763
16 313 392
501 240 676
470 68 274
131 34 226
531 263 900
296 168 740
357 487 48
168 242 789
497 401 699
1 431 207
332 186 443
344 46 556
110 13 75
536 11 208
553 168 101
248 267 701
246 547 245
160 168 616
33 298 384
277 206 242
564 424 587
91 467 376
507 157 238
548 350 378
442 131 355
203 294 720
58 559 588
237 219 179
141 396 22
485 47 750
134 12 879
210 101 117
375 324 659
311 189 844
550 25 743
549 452 238
342 218 580
18 201 385
198 493 459
182 557 33
398 290 182
303 157 180
158 271 126
294 116 402
162 365 840
145 440 39
567 271 967
425 155 832
199 300 999
87 273 935
269 394 649
215 32 547
496 192 443
496 559 818
493 242 666
413 305 54
403 291 624
158 290 591
489 200 214
406 429 749
428 260 58
349 368 698
187 283 732
367 149 854
499 251 765
128 280 211
31 299 635
41 125 828
72 72 113
218 147 709
207 465 602
353 300 594
558 329 976
520 503 804
296 144 92
151 502 455
512 22 736
365 121 239
128 254 322
490 110 80
486 482 858
211 137 947
340 451 720
139 334 230
343 318 139
93 314 772
311 185 32
137 407 266
111 424 922
326 381 852
247 5 350
211 11 163
60 496 623
509 513 89
122 282 791
348 370 213
490 267 816
464 263 76
84 537 75
333 213 10
440 116 940
195 4 519
383 138 615
478 535 59
14 370 179
548 245 463
152 564 834
487 47 532
133 3 805
65 303 314
424 414 818
255 275 502
477 352 129
451 298 127
192 246 441
151 494 473
22 401 231
562 544 206
533 493 868
137 151 366
75 446 852
348 263 184
95 177 988
274 560 629
341 104 575
472 477 831
495 416 903
259 280 844
381 70 910
566 58 247
543 92 830
142 174 229
66 511 73
350 146 421
172 537 143
324 52 204
201 207 12
242 66 205
519 288 147
26 143 814
318 68 704
309 172 680
88 136 357
132 553 496
55 556 760
130 558 945
158 179 997
298 401 344
130 548 463
191 496 592
477 341 683
468 52 15
39 440 568
190 5 609
64 415 193
494 332 123
322 522 338
339 331 54
368 151 444
338 292 125
3 64 350
42 232 889
225 388 415
267 42 58
513 44 681
550 374 100
78 166 976
221 253 995
260 458 836
365 515 99
188 390 324
200 406 899
494 508 222
381 217 851
165 194 309
499 356 472
25 459 437
433 545 153
138 19 320
232 480 663
237 290 646
524 483 918
133 371 649
7 108 436
134 324 443
309 56 134
106 496 472
33 296 62
249 434 980
119 396 816
301 16 913
141 384 452
450 522 257
239 60 919
113 69 387
535 0 218
326 230 331
292 504 789
337 127 858
152 240 850
448 248 567
172 76 692
445 183 445
303 402 571
510 478 77
445 164 148
116 334 916

0 1 3
1 0 3
0 2 1
2 0 1
0 3 2
3 0 2
1 2 1
2 1 1
1 3 2
3 1 2
2 3 2
3 2 2

6 7 998

6 7 998
0 8 43

6 7 998
0 8 43
4 2 760

6 7 998
0 8 43
4 2 760
8 5 529

6 7 998
0 8 43
4 2 760
8 5 529
6 3 252

6 7 998
0 8 43
4 2 760
8 5 529
6 3 252
7 3 882

6 7 998
0 8 43
4 2 760
8 5 529
6 3 252
7 3 882
1 3 389

6 7 998
0 8 43
4 2 760
8 5 529
6 3 252
7 3 882
1 3 389
9 0 225

6 7 998
0 8 43
4 2 760
8 5 529
6 3 252
7 3 882
1 3 389
9 0 225
9 6 738

6 7 998
0 8 43
4 2 760
8 5 529
6 3 252
7 3 882
1 3 389
9 0 225
9 6 738
0 7 531

6 7 998
0 8 43
4 2 760
8 5 529
6 3 252
7 3 882
1 3 389
9 0 225
9 6 738
0 7 531
9 1 7

6 7 998
0 8 43
4 2 760
8 5 529
6 3 252
7 3 882
1 3 389
9 0 225
9 6 738
0 7 531
9 1 7
1 4 157

6 7 998
0 8 43
4 2 760
8 5 529
6 3 252
7 3 882
1 3 389
9 0 225
9 6 738
0 7 531
9 1 7
1 4 157
2 8 168

6 7 998
0 8 43
4 2 760
8 5 529
6 3 252
7 3 882
1 3 389
9 0 225
9 6 738
0 7 531
9 1 7
1 4 157
2 8 168
6 2 658

6 7 998
0 8 43
4 2 760
8 5 529
6 3 252
7 3 882
1 3 389
9 0 225
9 6 738
0 7 531
9 1 7
1 4 157
2 8 168
6 2 658
5 4 161

6 7 998
0 8 43
4 2 760
8 5 529
6 3 252
7 3 882
1 3 389
9 0 225
9 6 738
0 7 531
9 1 7
1 4 157
2 8 168
6 2 658
5 4 161
7 1 450

6 7 998
0 8 43
4 2 760
8 5 529
6 3 252
7 3 882
1 3 389
9 0 225
9 6 738
0 7 531
9 1 7
1 4 157
2 8 168
6 2 658
5 4 161
7 1 450
5 6 978

6 7 998
0 8 43
4 2 760
8 5 529
6 3 252
7 3 882
1 3 389
9 0 225
9 6 738
0 7 531
9 1 7
1 4 157
2 8 168
6 2 658
5 4 161
7 1 450
5 6 978
2 6 554

6 7 998
0 8 43
4 2 760
8 5 529
6 3 252
7 3 882
1 3 389
9 0 225
9 6 738
0 7 531
9 1 7
1 4 157
2 8 168
6 2 658
5 4 161
7 1 450
5 6 978
2 6 554
4 1 985

6 7 998
0 8 43
4 2 760
8 5 529
6 3 252
7 3 882
1 3 389
9 0 225
9 6 738
0 7 531
9 1 7
1 4 157
2 8 168
6 2 658
5 4 161
7 1 450
5 6 978
2 6 554
4 1 985
0 0 277

6 7 998
0 8 43
4 2 760
8 5 529
6 3 252
7 3 882
1 3 389
9 0 225
9 6 738
0 7 531
9 1 7
1 4 157
2 8 168
6 2 658
5 4 161
7 1 450
5 6 978
2 6 554
4 1 985
0 0 277
4 7 975

6 7 998
0 8 43
4 2 760
8 5 529
6 3 252
7 3 882
1 3 389
9 0 225
9 6 738
0 7 531
9 1 7
1 4 157
2 8 168
6 2 658
5 4 161
7 1 450
5 6 978
2 6 554
4 1 985
0 0 277
4 7 975
6 1 296

6 7 998
0 8 43
4 2 760
8 5 529
6 3 252
7 3 882
1 3 389
9 0 225
9 6 738
0 7 531
9 1 7
1 4 157
2 8 168
6 2 658
5 4 161
7 1 450
5 6 978
2 6 554
4 1 985
0 0 277
4 7 975
6 1 296
6 5 231

6 7 998
0 8 43
4 2 760
8 5 529
6 3 252
7 3 882
1 3 389
9 0 225
9 6 738
0 7 531
9 1 7
1 4 157
2 8 168
6 2 658
5 4 161
7 1 450
5 6 978
2 6 554
4 1 985
0 0 277
4 7 975
6 1 296
6 5 231
5 2 575

6 7 998
0 8 43
4 2 760
8 5 529
6 3 252
7 3 882
1 3 389
9 0 225
9 6 738
0 7 531
9 1 7
1 4 157
2 8 168
6 2 658
5 4 161
7 1 450
5 6 978
2 6 554
4 1 985
0 0 277
4 7 975
6 1 296
6 5 231
5 2 575
9 2 778

6 7 998
0 8 43
4 2 760
8 5 529
6 3 252
7 3 882
1 3 389
9 0 225
9 6 738
0 7 531
9 1 7
1 4 157
2 8 168
6 2 658
5 4 161
7 1 450
5 6 978
2 6 554
4 1 985
0 0 277
4 7 975
6 1 296
6 5 231
5 2 575
9 2 778
8 2 95

6 7 998
0 8 43
4 2 760
8 5 529
6 3 252
7 3 882
1 3 389
9 0 225
9 6 738
0 7 531
9 1 7
1 4 157
2 8 168
6 2 658
5 4 161
7 1 450
5 6 978
2 6 554
4 1 985
0 0 277
4 7 975
6 1 296
6 5 231
5 2 575
9 2 778
8 2 95
9 8 305

6 7 998
0 8 43
4 2 760
8 5 529
6 3 252
7 3 882
1 3 389
9 0 225
9 6 738
0 7 531
9 1 7
1 4 157
2 8 168
6 2 658
5 4 161
7 1 450
5 6 978
2 6 554
4 1 985
0 0 277
4 7 975
6 1 296
6 5 231
5 2 575
9 2 778
8 2 95
9 8 305
2 2 503

6 7 998
0 8 43
4 2 760
8 5 529
6 3 252
7 3 882
1 3 389
9 0 225
9 6 738
0 7 531
9 1 7
1 4 157
2 8 168
6 2 658
5 4 161
7 1 450
5 6 978
2 6 554
4 1 985
0 0 277
4 7 975
6 1 296
6 5 231
5 2 575
9 2 778
8 2 95
9 8 305
2 2 503
3 6 866

4 6 321

4 6 321
7 3 19

4 6 321
7 3 19
1 3 875

4 6 321
7 3 19
1 3 875

4 6 321
7 3 19
1 3 875
8 2 395

4 6 321
7 3 19
1 3 875
8 2 395
5 7 690

4 6 321
7 3 19
1 3 875
8 2 395
5 7 690
3 8 925

0 1 603

0 1 603
2 1 885

0 1 603
2 1 885
1 1 152

0 1 603
2 1 885
1 1 152
1 0 447

0 1 603
2 1 885
1 1 152
1 0 447

0 1 603
2 1 885
1 1 152
1 0 447
0 0 566

0 1 603
2 1 885
1 1 152
1 0 447
0 0 566
0 2 437

